0
0
0
0
0
1
1
0
0
0
0
0
0
4
3
0
2
3
0
4
3
0
4
5
4
0
3
3
6
6
6
3
5
5
6
6
5
7
4
3
6
5
6
5
6
5
7
4
5
6
8
6
6
6
6
6
5
7
6
7
5
7
6
7
7
7
5
7
6
7
6
8
6
5
6
5
5
8
5
6
6
6
6
6
6
7
7
5
5
4
6
6
6
5
7
6
7
7
6
8
6
6
5
5
6
6
6
7
7
7
5
5
5
5
6
6
6
5
6
5
7
8
6
6
6
6
7
6
5
6
6
6
8
6
7
6
5
7
6
7
7
7
6
7
6
5
7
6
6
7
6
6
5
6
8
6
5
5
5
5
5
7
7
6
6
7
5
5
8
6
5
6
5
6
7
6
7
5
6
7
6
7
6
6
7
6
5
5
7
7
5
6
8
6
6
7
6
6
7
6
6
8
6
6
6
6
7
5
6
6
7
7
6
7
5
6
6
7
7
6
6
7
5
6
5
6
6
6
6
5
7
6
6
5
8
6
6
6
5
6
8
5
6
6
8
5
6
6
6
5
4
6
6
6
5
5
6
6
8
5
5
5
6
5
7
7
6
6
6
7
7
6
6
6
7
6
6
6
6
7
6
6
5
7
4
6
5
7
6
6
5
6
6
6
5
